970 626 
292 339 
399 702 
623 901 
422 880 
23 533 
643 158 
247 891 
346 469 
987 489 
415 171 
741 67 
874 614 
719 785 
323 620 
2 938 
883 420 
414 891 
947 125 
371 553 
24 134 
192 147 
504 630 
513 379 
646 781 
214 455 
540 114 
26 731 
873 382 
234 609 
257 224 
975 228 
253 715 
205 25 
162 94 
764 182 
566 98 
94 952 
976 785 
331 792 
591 964 
10 629 
927 142 
977 640 
415 608 
110 996 
166 588 
215 925 
920 790 
87 194 
795 471 
26 542 
143 532 
267 83 
773 751 
203 272 
798 756 
357 557 
600 71 
800 363 
597 964 
365 786 
116 175 
57 373 
348 605 
69 569 
910 258 
348 942 
619 716 
205 621 
382 24 
138 523 
883 340 
824 188 
895 85 
208 652 
674 34 
133 762 
251 976 
879 638 
466 103 
279 884 
652 53 
964 185 
946 74 
221 285 
299 396 
344 42 
84 420 
635 885 
997 896 
417 122 
366 386 
439 348 
25 353 
559 109 
129 678 
500 587 
172 754 
72 861 
309 550 
747 436 
173 796 
69 813 
339 844 
61 109 
329 120 
842 110 
89 268 
890 842 
904 265 
410 901 
354 169 
334 231 
702 856 
841 818 
587 233 
334 842 
355 678 
296 611 
279 444 
568 39 
164 902 
709 743 
116 681 
752 713 
967 736 
552 916 
84 168 
267 776 
787 455 
479 233 
517 497 
192 910 
349 403 
210 236 
929 36 
666 953 
548 984 
440 406 
486 71 
871 76 
71 390 
72 618 
727 180 
676 357 
513 711 
161 466 
369 631 
575 456 
364 628 
803 746 
543 348 
828 539 
843 480 
428 274 
95 567 
217 681 
615 683 
28 192 
851 691 
289 983 
283 616 
33 972 
737 372 
164 169 
759 71 
731 522 
3 628 
38 126 
257 796 
873 548 
72 818 
644 920 
79 903 
514 614 
953 174 
418 69 
270 298 
277 696 
213 206 
991 681 
366 590 
458 135 
653 37 
703 986 
468 710 
406 684 
936 383 
592 130 
719 402 
59 419 
688 13 
30 904 
500 413 
46 373 
547 71 
440 959 
634 104 
415 247 
764 485 
121 958 
542 293 
701 929 
671 37 
927 751 
104 436 
231 96 
176 577 
215 488 
4 985 
228 764 
421 118 
15 452 
18 596 
540 778 
536 798 
402 363 
550 752 
396 787 
422 542 
560 630 
649 253 
334 460 
698 216 
411 388 
430 103 
215 884 
210 410 
107 176 
822 420 
967 905 
329 550 
547 856 
877 593 
100 324 
260 105 
58 23 
242 774 
408 352 
229 732 
179 652 
435 453 
134 774 
683 301 
461 858 
359 759 
873 596 
200 999 
676 38 
986 919 
693 553 
185 149 
110 596 
924 445 
460 99 
905 603 
431 898 
218 556 
850 266 
71 286 
173 330 
556 629 
170 74 
900 919 
28 380 
349 666 
327 357 
662 548 
756 115 
438 83 
539 590 
559 295 
734 451 
827 533 
732 215 
766 381 
995 601 
581 342 
737 356 
573 464 
965 763 
54 370 
817 798 
9 389 
923 292 
913 337 
893 433 
414 487 
242 746 
87 334 
881 966 
857 514 
31 551 
682 114 
960 713 
827 537 
429 475 
430 399 
557 36 
549 976 
125 480 
251 149 
274 99 
462 74 
225 156 
133 209 
676 190 
358 829 
968 467 
188 225 
725 978 
431 793 
557 675 
652 185 
369 720 
759 597 
760 902 
902 137 
706 476 
16 402 
844 164 
413 541 
156 280 
216 222 
151 582 
434 251 
889 934 
849 34 
997 932 
673 760 
582 522 
49 684 
117 959 
625 140 
412 317 
619 262 
611 192 
152 777 
704 187 
532 269 
276 695 
605 136 
812 230 
935 43 
357 221 
292 756 
796 905 
218 190 
300 459 
493 438 
353 862 
279 198 
389 1000 
421 967 
369 352 
340 994 
159 551 
427 425 
357 466 
779 588 
829 159 
85 870 
810 589 
66 281 
837 313 
889 838 
297 839 
628 666 
932 293 
836 222 
703 542 
671 406 
736 70 
638 492 
894 33 
860 885 
188 537 
404 396 
698 552 
786 38 
304 378 
741 750 
444 302 
763 642 
878 415 
22 254 
298 14 
877 727 
62 507 
358 242 
221 116 
355 62 
635 252 
218 464 
266 95 
729 525 
236 613 
754 645 
498 566 
171 478 
916 117 
449 607 
946 280 
79 630 
315 295 
945 252 
179 154 
366 303 
722 376 
502 32 
59 245 
712 559 
682 691 
478 363 
666 197 
805 814 
694 792 
672 425 
174 411 
788 468 
485 41 
609 392 
112 612 
159 169 
817 620 
544 894 
125 584 
709 330 
650 852 
12 344 
126 324 
775 739 
140 471 
480 148 
784 736 
212 879 
525 689 
566 600 
564 745 
230 970 
712 336 
713 208 
248 184 
394 320 
964 815 
993 556 
92 562 
659 19 
605 827 
747 352 
542 606 
952 881 
434 665 
646 411 
350 66 
698 467 
318 53 
152 664 
179 678 
598 688 
568 636 
375 104 
981 551 
425 639 
795 708 
424 677 
489 630 
71 777 
334 959 
923 728 
24 111 
379 405 
364 171 
85 853 
711 186 
618 41 
293 780 
421 386 
712 493 
736 568 
764 601 
7 827 
864 743 
329 14 
999 275 
317 521 
104 439 
17 206 
2 266 
512 894 
836 155 
605 741 
325 655 
939 939 
943 306 
416 988 
457 866 
1 643 
181 602 
879 562 
558 422 
290 821 
151 402 
821 280 
968 248 
514 277 
50 218 
247 59 
966 772 
514 595 
832 238 
985 997 
170 577 
293 259 
686 655 
568 532 
955 384 
620 260 
693 73 
622 713 
118 280 
947 553 
353 638 
553 483 
641 52 
345 787 
277 26 
427 210 
318 603 
12 645 
132 373 
404 324 
94 16 
858 838 
225 620 
484 347 
427 320 
513 642 
249 864 
298 21 
125 823 
408 777 
676 197 
583 154 
207 835 
364 367 
471 253 
859 482 
927 350 
637 851 
285 930 
95 469 
761 272 
694 760 
441 904 
650 593 
84 284 
224 663 
397 536 
525 879 
491 190 
639 363 
463 46 
566 302 
293 60 
131 427 
839 452 
376 278 
798 218 
513 259 
906 789 
937 799 
532 579 
624 908 
314 851 
251 808 
411 839 
364 95 
531 65 
852 760 
385 455 
599 830 
664 354 
406 264 
411 339 
306 252 
356 343 
720 527 
374 957 
984 735 
801 741 
923 653 
631 516 
916 629 
677 109 
438 584 
819 258 
302 852 
736 899 
194 594 
752 461 
490 289 
239 111 
182 577 
866 842 
761 810 
972 831 
628 806 
398 669 
982 164 
563 771 
506 182 
491 827 
354 654 
534 839 
907 116 
164 352 
24 147 
506 965 
972 965 
384 297 
954 556 
905 1000 
151 875 
82 619 
794 196 
894 666 
171 179 
721 162 
410 226 
44 415 
177 430 
577 420 
645 42 
847 264 
896 923 
656 27 
107 229 
721 385 
203 916 
169 558 
129 517 
110 435 
702 413 
948 440 
902 393 
448 427 
564 584 
37 408 
167 183 
684 161 
228 132 
297 143 
844 989 
739 450 
424 201 
36 621 
842 590 
387 974 
69 941 
966 477 
111 812 
971 234 
21 843 
945 308 
720 448 
714 831 
632 22 
44 166 
798 524 
17 146 
614 218 
411 817 
797 641 
404 202 
167 500 
917 728 
324 969 
805 381 
963 149 
357 681 
208 479 
65 707 
698 707 
985 487 
216 354 
417 681 
38 439 
606 561 
706 798 
42 600 
820 576 
834 290 
445 722 
414 276 
735 199 
144 263 
381 283 
673 13 
252 745 
560 675 
587 135 
468 593 
351 17 
588 678 
826 947 
221 135 
13 339 
869 666 
619 222 
693 277 
839 137 
604 965 
233 235 
673 228 
974 914 
633 170 
14 51 
970 135 
441 550 
447 96 
724 881 
597 568 
193 940 
525 769 
837 220 
580 75 
477 556 
615 36 
139 9 
474 393 
774 741 
115 355 
609 422 
995 358 
53 624 
853 454 
976 688 
794 914 
968 978 
195 150 
635 70 
513 844 
545 30 
410 435 
716 108 
685 267 
494 665 
343 183 
564 633 
814 99 
698 805 
903 728 
543 825 
939 214 
874 39 
856 2 
325 187 
365 785 
793 49 
877 227 
659 404 
183 403 
365 112 
237 85 
616 362 
205 457 
976 575 
741 608 
392 274 
666 300 
144 850 
370 925 
68 587 
815 657 
511 387 
487 651 
208 833 
355 912 
84 953 
837 366 
812 962 
446 782 
488 164 
166 883 
268 924 
573 27 
937 195 
489 158 
567 118 
745 941 
843 966 
370 820 
452 394 
552 395 
274 276 
71 201 
512 314 
554 754 
225 486 
868 988 
761 960 
533 508 
806 2 
551 118 
71 228 
537 444 
627 457 
700 790 
949 994 
629 475 
719 921 
219 175 
85 129 
281 6 
643 668 
581 296 
777 164 
386 878 
766 415 
10 92 
371 661 
81 695 
633 212 
614 720 
414 294 
411 569 
131 104 
912 816 
282 718 
882 730 
823 590 
234 58 
764 154 
707 298 
529 562 
212 9 
339 529 
999 781 
92 799 
528 411 
28 95 
762 581 
455 329 
671 755 
327 763 
583 677 
844 275 
339 392 
176 377 
113 719 
431 787 
83 740 
623 544 
884 583 
861 537 
50 374 
593 261 
746 742 
490 12 
136 265 
61 703 
878 552 
642 501 
759 130 
87 113 
653 118 
809 114 
976 726 
720 715 
599 933 
491 660 
836 690 
916 488 
699 5 
269 554 
67 793 
99 649 
232 618 
385 259 
16 441 
112 9 
413 190 
854 551 
290 886 
901 648 
746 990 
766 615 
965 918 
117 841 
156 113 
215 337 
39 428 
369 475 
381 164 
170 989 
444 437 
644 243 
681 497 
759 323 
83 13 
214 320 
659 938 
326 603 
102 187 
165 678 
694 603 
216 890 
590 665 
111 188 
29 270 
484 580 
804 101 
386 126 
19 780 
338 564 
297 771 
92 4 
411 219 
276 966 
31 337 
35 729 
857 34 
88 262 
534 873 
110 628 
615 735 
48 902 
672 58 
890 802 
722 113 
105 700 
925 767 
670 570 
578 63 
415 337 
656 79 
15 784 
925 687 
272 179 
112 827 
925 699 
852 455 
204 276 
280 107 
716 711 
821 56 
36 297 
919 946 
236 724 
240 190 
936 260 
537 765 
474 469 
450 169 
975 123 
148 480 
501 137 
653 511 
762 6 
211 457 
737 430 
85 496 
729 677 
743 731 
319 1 
444 113 
725 728 
513 156 
555 774 
951 114 
261 716 
585 656 
252 815 
967 79 
458 309 
403 652 
136 597 
322 42 
250 606 
588 115 
758 536 
743 135 
136 483 
153 420 
714 989 
918 639 
426 104 
25 818 
213 363 
949 590 
954 151 
446 947 
642 917 
3 862 
359 70 
160 33 
241 67 
658 817 
