38 39 
84 78 
91 5 
13 26 
9 75 
64 53 
87 83 
72 30 
25 45 
92 24 
64 82 
24 68 
86 73 
34 24 
70 22 
100 89 
16 42 
95 94 
40 80 
55 7 
33 17 
10 21 
97 39 
18 98 
25 79 
91 11 
97 40 
9 4 
17 94 
77 29 
18 91 
13 22 
68 25 
9 96 
100 68 
61 90 
65 9 
96 48 
91 94 
22 11 
11 68 
57 1 
17 59 
44 92 
43 81 
76 93 
41 90 
44 61 
82 78 
1 11 
66 100 
29 31 
36 45 
91 23 
58 8 
54 77 
82 36 
41 100 
60 91 
99 86 
93 10 
88 69 
50 56 
48 100 
69 27 
94 61 
15 48 
64 20 
3 51 
41 58 
58 56 
55 39 
63 72 
6 1 
69 98 
41 11 
15 51 
87 57 
27 68 
81 68 
66 87 
30 80 
90 69 
31 15 
77 15 
48 17 
26 22 
26 14 
2 55 
70 88 
92 58 
66 62 
52 42 
31 49 
92 14 
27 64 
32 39 
32 93 
12 58 
60 81 
